tables done
delta   theta      P(rho_S<theta)  delta/3   margin
1.0890  0.782952  0.108686  0.363000  0.254314
1.1801  0.788773  0.119324  0.393367  0.274042
1.2712  0.795208  0.126036  0.423733  0.297698
1.3623  0.802358  0.222649  0.454100  0.231451
1.4534  0.810351  0.227718  0.484467  0.256749
1.5445  0.819344  0.232548  0.514833  0.282285
1.6356  0.829538  0.241387  0.545200  0.303813
1.7267  0.841191  0.253262  0.575567  0.322304
1.8178  0.854640  0.258887  0.605933  0.347046
1.9089  0.870335  0.332747  0.636300  0.303553
2.0000  0.888889  0.343386  0.666667  0.323281
WORST margin over sweep: 0.2222640733916435 at delta = 1.334059
paper claims margin > 0.0873 (after corrections): True
